======================================================
2³ Factorial Design Results for Brownie Scrumptiousness
======================================================

Please select the 'brownie.csv' data file.
Data Summary
  Batch  A  B  C T1 T2 T3 T4 T5 T6 T7 T8 AB AC BC ABC Mean_Scrumptiousness
1     1 -1 -1 -1 11  9 10 10 11 10  8  9  1  1  1  -1                9.750
2     2  1 -1 -1 15 10 16 14 12  9  6 15 -1 -1  1   1               12.125
3     3 -1  1 -1  9 12 11 11 11 11 11 12 -1  1 -1   1               11.000
4     4  1  1 -1 16 17 15 12 13 13 11 11  1 -1 -1  -1               13.500
5     5 -1 -1  1 10 11 15  8  6  8  9 14  1 -1 -1   1               10.125
6     6  1 -1  1 12 13 14 13  9 13 14  9 -1  1 -1  -1               12.125
7     7 -1  1  1 10 12 13 10  7  7 17 13 -1 -1  1  -1               11.125
8     8  1  1  1 15 12 15 13 12 12  9 14  1  1  1   1               12.750
  Sum_Scrumptiousness Variance_Scrumptiousness Ln_Variance_Scrumptiousness
1                  78                1.0714286                  0.06899287
2                  97               12.4107143                  2.51856015
3                  88                0.8571429                 -0.15415068
4                 108                5.1428571                  1.63760879
5                  81                9.5535714                  2.25691506
6                  97                4.1250000                  1.41706602
7                  89               11.2678571                  2.42195417
8                 102                3.9285714                  1.36827586
__________________________________________________________________________ 

Design Matrix
   A  B  C AB AC BC ABC
1 -1 -1 -1  1  1  1  -1
2  1 -1 -1 -1 -1  1   1
3 -1  1 -1 -1  1 -1   1
4  1  1 -1  1 -1 -1  -1
5 -1 -1  1  1 -1 -1   1
6  1 -1  1 -1  1 -1  -1
7 -1  1  1 -1 -1  1  -1
8  1  1  1  1  1  1   1
__________________________________________________________________________ 

Main Effects:
A: 2.125 
B: 1.0625 
C: -0.0625 

